1466919521217892885
1466918603927762985
1466921247462754011
1466523556606622934
1466029593614933013
1466510643691934108
1466147834974510908
1466030039294008016
1466085377409548044
1466517382122813940
1466153046485759973
1466030066325129985
1466918182930236101
1466920860801386117
1466510010334182977
1466796466071084976
1466918785450725078
1466513646100567102
1466510530069464921
1466030056832667112
1466523974114608049
1466517487533495903
1466794607007178068
1466147573491586923
1466510648965754985
1466522563940143108
1466513654118168115
1466794402972537994
1466518742838299989
1466918278689726114
1466513857822350978
1466523579612947940
1466085090272633075
1466524726917382955
1466030637752634048
1466919362097280979
1466794098196213960
1466920507226119041
1466523515929034948
1466796522272176980
1466307865569359064
1466795515039597034
1466030114262751102
1466510196978620052
1466918936802534103
1466510981635854959
1466523573483344078
1466148316738753080
1466513784899950027
1466918159249584913
1466523757546875000
1466918942541809082
1466331044191339969
1466305638991003036
1466027150060985088
1466513771198661088
1466518664797574043
1466519698570887088
1466794601361927032
1466148389112353086
1466030654672065019
1466030122198350906
1466085107411681890
1466519627316340923
1466303280657116889
1466516213518917083
1466510020706737041
1466085571269665002
1466335625546489000
1466918848069406032
1466307182747402906
1466331081223932027
1466517341624420881
1466152309031352996
1466920331530462026
1466524992140988111
1466510579461227893
1466918797474761009
1466085527788674116
1466517178781624078
1466919442164963006
1466919436519088029
1466331152559340953
1466516235757822990
1466517194292862892
1466085021061996936
1466331186624083042
1466517998391977071
1466517809264452934
1466921235458471059
1466523952414509057
1466519644467618942
1466517465124583005
1466152318414002895
1466153027541225910
1466305751216356992
1466523420926879882
1466918667334007978
1466331178564784049
1466513782169406890
1466303268389075040
1466085436556641101
1466085512485975980
1466331329802938938
1466524853498475074
1466918723068321943
1466917377733795881
1466523832450181007
1466030624104234933
1466307074703121900
1466920513669991970
1466517238771358013
1466029736498799085
1466305746117377996
1466510537188261032
1466335509434305906
1466523432482258081
1466307846715584039
1466153036805164098
1466029564772396087
1466519746740876913
1466307394128618955
1466085012079920053
1466305405493020057
1466920489937515974
1466523573880707025
1466510074430259943
1466516281716573953
1466918729049439907
1466151609112227916
1466516296680037975
1466085038314368009
1466029817995537042
1466514102270256996
1466304692653904914
1466330327059523105
1466307328626116991
1466918616656651973
1466523432054996967
1466919373895116090
1466525102601686000
1466510153963301897
1466918779099379062
1466921317021205902
1466517801263308048
1466147582800889968
1466921294094284057
1466029664206192970
1466030629254967927
1466796547530333042
1466793610423129081
1466085385788393974
1466304571747584104
1466918860300834894
1466307043858135938
1466794116355382919
1466510133188517093
1466519635495585918
1466305418268105983
1466304652611119985
1466513973507930040
1466307099871699094
1466517374964624881
1466524748806119918
1466029689451131105
1466085029636876106
1466330449322869062
1466085386128448963
1466513958764833927
1466304558663002967
1466303388714267015
1466918791599123954
1466920412530240058
1466796323947623014
1466517333620003938
1466511003223144054
1466920923925352096
1466030122743819952
1466330399326900959
1466518022224602937
1466917390715965032
1466149910013735055
1466518636222889900
1466085377726016044
1466150978360021114
1466518093315992116
1466147519832020044
1466519825850369930
1466519683198909997
1466517786023807048
1466921241895013093
1466518482848759889
1466519109913573026
1466151618089214086
1466029720323859930
1466519589543611049
1466918603930632114
1466148325928742885
1466921373563113927
1466793553453917026
1466918592414144992
1466148442826412916
1466918153721009969
1466148307654721975
1466510938017214059
1466918296652781009
1466917396501543998
1466919041064174890
1466030710821624040
1466796403253035068
1466921311259593009
1466513851126969099
1466307198914757966
1466517278840806961
1466152964279647111
1466796329682977914
1466304570613353967
1466510590550458908
1466519556831679105
1466519123826592922
1466517287505379915
1466921305497298955
1466147601448076009
1466918846258850097
1466523567928551912
1466331072462127923
1466523562257039070
1466331239675335884
1466920495503915071
1466917365096585035
1466524744048022031
1466919295772022962
1466513829843136072
1466524732755067110
1466151077286273956
1466920866828783035
1466794612872687101
1466919385727402925
1466525108079731941
1466918852153739929
1466029801037820100
1466517186946923971
1466794421259706020
1466518496975466012
1466524738321264982
1466510725749712944
1466085698368478059
1466523448159583091
1466795528108516931
1466518474355420112
1466303286415726900
1466524743370874881
1466513789841551065
1466793616976192951
1466918479555727005
1466151058723349094
1466085104327728986
1466152800997627019
1466307063949470996
1466030048012434959
1466794397088155031
1466147592130264997
1466523863937999963
1466794415286175012
1466920941824570894
1466793565547374963
1466523826901257038
1466519611068742990
1466307268792357921
1466918679493020057
1466030641073627948
1466510079702656984
1466514999918410062
1466305865140737056
1466148370091957092
1466513880988385915
1466516204871869087
1466523494326062917
1466147853406904935
1466518956508651018
1466510731059340953
1466513763439862012
1466918351093508958
1466918790728851079
1466305768082082986
1466523957870800018
1466795508874309062
1466921435567053079
1466524737806049108
1466027178653410911
1466027141397528886
1466085706883292913
1466085588113085031
1466918356982141971
1466517356454780101
1466510412321218967
1466522552511853933
1466523637080501079
1466519580377450942
1466304591770056009
1466524869674397945
1466524969264069080
1466513676221088886
1466510987016794919
1466524859162260055
1466920854944067001
1466517325750823020
1466303376960186958
1466918622301877975
1466919515652204990
1466148461230178117
1466085579739594936
1466030139367743015
1466523508132603883
1466917919403337955
1466306855054995059
1466796342140923023
1466917398503324031
1466335641672610998
1466523426702290058
1466335524766568899
1466518365890882015
1466030719392317056
1466305652638782024
1466331111636179924
1466152255882941007
1466513812236493110
1466917667988421916
1466030702228499889
1466921361860717058
1466517271539824962
1466029694910219907
1466085020453788995
1466152236624735116
1466335603550988912
1466917386950696945
1466522569711993932
1466303405172732114
1466149750464627981
1466513778098814964
1466518751128866910
1466513888829539060
1466523870015894889
1466510659497165918
1466513866361838102
1466794618946671962
1466519573006565093
1466513797500361919
1466303273362972974
1466518984987157106
1466794110316320896
1466519101642748117
1466523631637897968
1466921385093436956
1466335456536945104
1466918803518204927
1466305574552145004
1466307880218009948
1466917921772702932
1466148298457283020
1466330316099606990
1466335519599327087
1466523768243170022
1466152891882538080
1466918930765990972
1466523562969456911
1466523499736162900
1466917666124017953
1466519481724049091
1466510143367122888
1466517793198296070
1466331283947539091
1466517942150147914
1466029792638355970
1466307380631735086
1466522558191443920
1466523821252409934
1466519691576601982
1466029745108853101
1466331983285125017
1466518490030052900
1466518288997428894
1466147529158921003
1466153018056832075
1466307346184325933
1466510547618669033
1466510148663551092
1466524865124790906
1466523620813491106
1466510005265499114
1466305587955115079
1466523443582962036
1466919005299046993
1466150915832729101
1466152945408797979
1466514088025340080
1466523437442301988
1466331207393138885
1466517778253545045
1466331417403163909
1466148379403906106
1466331438670114994
1466523502668236970
1466524963472307920
1466511063103241920
1466331317159859895
1466305809108280897
1466518963184417009
1466518463514651060
1466519724827286958
1466917373152744054
1466519473320605993
1466516056121917963
1466147825738563060
1466523626258047103
1466519841212255954
1466918610476907014
1466523557215615034
1466147844096738100
1466304639039810895
1466917924128740072
1466518504446481943
1466918467543690919
1466918840523708105
1466524986344271898
1466304603529313087
1466517457542608976
1466918628179164886
1466517263280343055
1466510402180201053
1466303293515300989
1466917926382524013
1466335451354824066
1466519564794564962
1466793541308356046
1466796385575098037
1466917369066318035
1466147438571743965
1466304010046677112
1466514993337052106
1466510084780318975
1466027124254324913
1466306983804735898
1466523894981136083
1466921429899359941
1466523746548907995
1466524980757818937
1466794122230271100
1466510714986030101
1466519706643394947
1466519603486385107
1466513965546525001
1466518970458825111
1466331052963129997
1466796409524452924
1466030573051753997
1466918918474785089
1466148452009145021
1466518389035783052
1466149811656325101
1466307831457015991
1466518357141606092
1466518282614017009
1466518100477035999
1466918170447161912
1466307254207223892
1466523505111943006
1466517949522228002
1466516071783737897
1466524864001445055
1466517367381788969
1466919307341306924
1466523550868700027
1466524805882421016
1466523642324870109
1466307483041402101
1466919430951380968
1466522575367599964
1466147456981935024
1466523905576795101
1466918872659807920
1466519732499782085
1466085504032813072
1466520874685527086
1466517256109606981
1466307513025664091
1466919497898235082
1466149839346260070
1466085368896502971
1466513940863356113
1466510407257054090
1466085529247467041
1466303240167081117
1466307366638020992
1466510927356328964
1466331402155271053
1466510600916490077
1466917663648112058
1466510664881798982
1466523911024519920
1466306780553802013
1466335514603059053
1466085450493072032
1466030549637739896
1466305767968214988
1466148470741193056
1466517246961218118
1466510477125293016
1466518456209978103
1466030567174499988
1466151148353751897
1466514073280006885
1466920879047328948
1466918930534645080
1466796528320908069
1466510552999032020
1466523442904922008
1466331103589900970
1466920399494359970
1466030564544888973
1466030581936463117
1466510542443396091
1466029573484536886
1466148398325953960
1466030590309956073
1466918866685132026
1466920318889110088
1466918164883797883
1466919503429986000
1466520863772566080
1466523453329425096
1466513857949119091
1466152810500230073
1466307575730865955
1466918485213426113
1466307558570312976
1466303315882487058
1466510026068883895
1466796534598258972
1466519505722045898
1466307589886643886
1466921367613097906
1466510922076877117
1466524975295619964
1466516229080205917
1466918165584527015
1466516063463774919
1466918918956640958
1466513684179944038
1466918924943711996
1466520880350400924
1466513704396198034
1466796391436383962
1466918858002089023
1466524750018517017
1466514986244891881
1466030139901644945
1466518259982184886
1466151006257508039
1466918159823601007
1466151139072498083
1466918773244980096
1466331303412215948
1466030693670161962
1466918598246663093
1466510654124887943
1466516049047965049
1466510471958189010
1466524726885469913
1466524794944346904
1466921441124012947
1466511052555150032
1466523626916611909
1466917388808552980
1466510535348717927
1466517651256059885
1466793629315325975
1466517635185405969
1466918705405971050
1466304559900954961
1466307470202698945
1466510069062154054
1466510207325771093
1466513697428833961
1466085012467638969
1466030615302576065
1466520886029342889
1466029642962445020
1466029651635828018
1466027161679084062
1466510202259768009
1466027153261049985
1466524811198143005
1466513947701545953
1466523858374120950
1466919011217720031
1466524986197559118
1466304663457012891
1466525096854671001
1466513951818172931
1466523510266196966
1466331176363426923
1466920405577912092
1466921229765516996
1466796317676280975
1466519130905149936
1466335609009269952
1466917380167205095
1466517170774115085
1466335631003736019
1466513668719899892
1466147501157892942
1466030074888658046
1466303967177027940
1466919301424995899
1466918784872843027
1466510709550800085
1466519116896971940
1466307718341306924
1466152819899063110
1466518123997615098
1466510992588473081
1466085519201414108
1466523815819663047
1466306944461585998
1466919035004858970
1466510217781219959
1466918796304696083
1466331044301379919
1466523497135433912
1466030575681248903
1466305946663726091
1466525113419002056
1466030049567573070
1466085095855882883
1466307085028065919
1466307158431998968
1466030131317596912
1466513961766696929
1466510595634222030
1466150925212805032
1466524800585501909
1466030130680862903
1466510932634741067
1466516304536665916
1466305797643652915
1466304582765790939
1466510513891318082
1466919289707031011
1466920872705919027
1466519619062340021
1466513690779330015
1466920387405502080
1466085445031579971
1466524969731717109
1466513954521308898
1466523632698863029
1466510519182141065
1466518005982055902
1466330411689057111
1466514979579551935
1466517390518857002
1466920501524666070
1466510212401556968
1466524732429709911
1466524980847712039
1466305598929199934
1466152873188066005
1466303308988585948
1466307603239434957
1466510482586581945
1466152829192913055
1466518766978513956
1466519739707957029
1466150934472870111
1466330426553160905
1466918177311830043
1466796541364335060
1466519652352400064
1466518977559724092
1466516458241714000
1466518275065447092
1466918863755831956
1466030113494123935
1466523568409198999
1466510417477219104
1466919453360871076
1466519848797858953
1466517348981164932
1466794408910546064
1466793559633548021
1466523847051969051
1466517221796276092
1466795533928652048
1466793622749309062
1466513805168000936
1466030057951881885
1466518115633522987
1466524877313551902
1466519479922455072
1466918936634455919
1466151120717677116
1466919447805075883
1466523963345240116
1466796453895498991
1466307405365767002
1466306969324785947
1466516465580688953
1466517201975028038
1466523762897372007
1466085028927814006
1466520869351097106
1466335592853573083
1466516312858510971
1466518735454945087
1466030646216593980
1466513837307667970
1466917659741023063
1466510466180583000
1466524871137243032
1466305966915487051
1466523900302257061
1466796478309492111
1466794104224766016
1466085596883233070
1466085520880043029
1466918924269443035
1466513661272922992
1466920929377640962
1466152246301604032
1466918661602957010
1466918779375163078
1466029727923080921
1466524881980468034
1466919509227725028
1466519495192243099
1466510089984462022
1466303426535195112
1466514971920391082
1466517683780232906
1466516481449795961
1466918987507452011
1466920393330111980
1466523852946618080
1466519754664999008
1466515069740422010
1466331494808912038
1466919283933450937
1466085079102734088
1466330343402764081
1466085724102411031
1466523638323827028
1466331087307888031
1466147510521281003
1466510585152033090
1466516289526375055
1466510997842906951
1466150906546633005
1466307362557379961
1466518651004904985
